0.669052
0.612900
0.661560
0.648438
0.631454
0.667953
0.667587
0.652328
0.664001
0.657578
0.697372
0.648438
0.714828
0.685898
0.693115
0.678711
0.636337
0.678162
0.675766
0.722519
0.687973
0.617615
0.677490
0.741211
0.643784
0.677490
0.675400
0.661865
0.679626
0.656006
0.654053
0.675400
0.660019
0.667221
0.560974
0.642685
0.632751
0.632568
0.653427
0.648376
0.691025
0.628906
0.670898
0.630615
0.740585
0.694763
0.589706
0.675522
0.648865
0.660019
0.689560
0.644531
0.652328
0.647888
0.678711
0.671631
0.665771
0.678711
0.732178
0.715759
0.673203
0.655746
0.644516
0.663513
0.710693
0.640625
0.612900
0.686951
0.632812
0.659119
0.673203
0.675644
0.617783
0.648193
0.690170
0.643295
0.658310
0.663513
0.687439
0.657089
0.684509
0.679443
0.646835
0.673584
0.667953
0.644516
0.702881
0.609375
0.667587
0.598618
0.661072
0.671814
0.725586
0.679443
0.667953
0.686951
0.606873
0.692322
0.642334
0.653305
0.658310
0.667953
0.612244
0.646240
0.624756
0.686523
0.669678
0.675400
0.672470
0.635971
0.662537
0.646912
0.632751
0.694809
0.648376
0.645447
0.624023
0.648193
0.664001
0.654648
0.610703
0.673279
0.698471
0.656006
0.707016
0.643784
0.695068
0.705795
0.695068
0.627182
0.692810
0.663559
0.679688
0.684998
0.694336
0.660141
0.669052
0.631699
0.709961
0.669373
0.654724
0.635681
0.655273
0.689560
0.702576
0.741638
0.678711
0.700134
0.724365
0.609375
0.664062
0.680115
0.639099
0.675644
0.638428
0.680115
0.652344
0.666931
0.617188
0.675644
0.679138
0.699081
0.599365
0.662537
0.661865
0.662537
0.636581
0.691391
0.584961
0.691406
0.619858
0.717224
0.693115
0.661865
0.634872
0.647888
0.644394
0.676865
0.664062
0.657959
0.632309
0.651962
0.693787
0.685303
0.709412
0.674744
0.641953
0.644516
0.655273
0.670898
0.691391
0.641953
0.648865
0.665390
0.697495
0.658310
0.635483
0.667221
0.660141
0.648438
0.677490
0.682846
0.691391
0.656006
0.664001
0.679626
0.705795
0.685898
0.640625
0.665390
0.602036
0.651962
0.695312
0.655273
0.639648
0.663086
0.595078
0.717773
0.664062
0.647888
0.675034
0.663818
0.678085
0.634872
0.702881
0.644394
0.659119
0.717773
0.665390
0.730331
0.675644
0.668884
0.727890
0.698471
0.656189
0.663086
0.620712
0.656006
0.659775
0.691025
0.702148
0.663086
0.654053
0.675766
0.741943
0.691269
0.700928
0.613144
0.617126
0.718246
0.706894
0.675522
0.635971
0.726059
0.661865
0.664001
0.703064
0.672348
0.625000
0.621078
0.636337
0.620056
0.615662
0.702881
0.636459
0.589462
0.656189
0.659409
0.675522
0.703125
0.710693
0.685974
0.667587
0.644150
0.677185
0.683578
0.671875
0.689560
0.639099
0.692322
0.677490
0.572983
0.628891
0.661072
0.698181
0.691147
0.679443
0.687500
0.620346
0.718689
0.682358
0.697983
0.663086
0.683456
0.655701
0.613144
0.622055
0.631836
0.674545
0.662460
0.617188
0.651306
0.679688
0.707016
0.682846
0.700928
0.644394
0.632263
0.679443
0.711411
0.695740
0.694763
0.658920
0.651596
0.678711
0.671326
0.618896
0.641052
0.658310
0.667221
0.670349
0.628647
0.669678
0.636337
0.678711
0.608398
0.641953
0.645935
0.652344
0.567322
0.656845
0.645447
0.738266
0.667221
0.714462
0.709412
0.595459
0.620834
0.691025
0.712646
0.657578
0.632568
0.651596
0.696640
0.675034
0.714096
0.632309
0.683578
0.675766
0.683456
0.696640
0.651108
0.654724
0.650497
0.667221
0.684509
0.648193
0.664536
0.651306
0.652084
0.624939
0.628159
0.668884
0.660141
0.628891
0.737045
0.652206
0.685303
0.632751
0.679138
0.708740
0.688828
0.655273
0.643295
0.732178
0.641953
0.617188
0.671371
0.691391
0.691147
0.682846
0.648438
0.675766
0.644516
0.628159
0.703064
0.699081
0.676697
0.608398
0.655746
0.644150
0.641220
0.635971
0.648865
0.687927
0.637634
0.667221
0.702621
0.667831
0.624496
0.695068
0.634140
0.642334
0.657578
0.618515
0.625000
0.645615
0.683350
0.609314
0.667831
0.710693
0.664001
0.646835
0.640625
0.638428
0.627060
0.694763
0.671875
0.682358
0.689560
0.683456
0.687500
0.632263
0.656189
0.686996
0.661865
0.662537
0.679138
0.647888
0.623474
0.624756
0.714706
0.662460
0.634872
0.606384
0.691269
0.638428
0.624939
0.612900
0.675644
0.652344
0.709412
0.659164
0.729233
0.611435
0.687256
0.644272
0.702576
0.647934
0.621094
0.631836
0.589584
0.659119
0.659409
0.702148
0.729721
0.685974
0.688828
0.679626
0.671631
0.657654
0.631836
0.673935
0.636703
0.655273
0.664062
0.661560
0.675034
0.667221
0.656189
0.714096
0.651306
0.609848
0.619858
0.633286
0.664001
0.651596
0.678162
0.667831
0.656677
0.714462
0.652206
0.655273
0.677490
0.684509
0.651962
0.666122
0.617661
0.686523
0.667587
0.657959
0.664536
0.627182
0.687256
0.691391
0.675781
0.635483
0.648438
0.646835
0.663086
0.672470
0.632751
0.675522
0.632568
0.672348
0.670898
0.669678
0.710693
0.644516
0.671326
0.647324
0.644150
0.685974
0.707031
0.697021
0.702621
0.687973
0.714706
0.620834
0.636581
0.666245
0.640381
0.662537
0.670349
0.706650
0.664001
0.705185
0.601013
0.717773
0.652344
0.643494
0.627670
0.658310
0.698837
0.636337
0.616638
0.697983
0.710388
0.679688
0.679138
0.627869
0.648438
0.659775
0.620712
0.684509
0.608398
0.668884
0.675644
0.702881
0.681870
0.655701
0.644394
0.653259
0.657959
0.664001
0.661865
0.595078
0.671631
0.640381
0.698975
0.670898
0.753769
0.644516
0.601501
0.692322
0.644394
0.636581
0.687256
0.654053
0.656006
0.617615
0.632263
0.677490
0.650146
0.607178
0.613144
0.668884
0.634872
0.720810
0.671371
0.681747
0.628159
0.650620
0.718246
0.659775
0.688828
0.672348
0.682358
0.667969
0.663513
0.683456
0.634872
0.663513
0.614197
0.624756
0.663513
0.667831
0.655273
0.713608
0.673584
0.675766
0.640121
0.652328
0.670761
0.641098
0.639511
0.651596
0.632751
0.683456
0.702881
0.694336
0.622803
0.624023
0.698471
0.697983
0.675766
0.683594
0.642807
0.660141
0.671814
0.652206
0.650497
0.641052
0.660019
0.675400
0.706650
0.675400
0.679138
0.702148
0.701599
0.659775
0.700134
0.679626
0.639648
0.697983
0.628769
0.628525
0.598572
0.634140
0.726059
0.641464
0.685303
0.663818
0.683334
0.636581
0.579819
0.673767
0.660019
0.663818
0.594223
0.648438
0.709961
0.620956
0.625473
0.669678
0.655746
0.679626
0.675766
0.658920
0.653427
0.726501
0.646835
0.632263
0.671631
0.673935
0.678085
0.673203
0.657578
0.695312
0.679688
0.683594
0.664001
0.633408
0.660156
0.617783
0.606873
0.660156
0.659409
0.624939
0.652328
0.682556
0.660141
0.685974
0.648376
0.638428
0.624756
0.631287
0.654053
0.712265
0.714462
0.651306
0.683578
0.661865
0.618515
0.694763
0.666733
0.703720
0.655701
0.632263
0.684509
0.631836
0.660019
0.662460
0.709412
0.605331
0.664001
0.698837
0.640076
0.631836
0.678711
0.653427
0.673935
0.663559
0.648911
0.655273
0.671631
0.679626
0.656006
0.669678
0.614243
0.682846
0.670349
0.659897
0.635483
0.648376
0.624023
0.636581
0.644394
0.631836
